0	0	4.5
0	0.0526316	4.85949
0	0.105263	15.2095
0	0.157895	-4.53704
0	0.210526	-37.0453
0	0.263158	39.6109
0	0.315789	78.9867
0	0.368421	-98.229
0	0.421053	-112.5
0	0.473684	188.326
0	0.526316	111.304
0	0.578947	-329.707
0	0.631579	-95.9135
0	0.684211	454.453
0	0.736842	-27.8911
0	0.789474	-645.108
0	0.842105	146.521
0	0.894737	725.837
0	0.947368	-444.809
0	1	-880.097
0.0526316	0	84.3985
0.0526316	0.0526316	84.7579
0.0526316	0.105263	95.1079
0.0526316	0.157895	75.3614
0.0526316	0.210526	42.8531
0.0526316	0.263158	119.509
0.0526316	0.315789	158.885
0.0526316	0.368421	-18.3305
0.0526316	0.421053	-32.6017
0.0526316	0.473684	268.225
0.0526316	0.526316	191.203
0.0526316	0.578947	-249.809
0.0526316	0.631579	-16.015
0.0526316	0.684211	534.351
0.0526316	0.736842	52.0074
0.0526316	0.789474	-565.209
0.0526316	0.842105	226.42
0.0526316	0.894737	805.735
0.0526316	0.947368	-364.91
0.0526316	1	-800.199
0.105263	0	-198.593
0.105263	0.0526316	-198.234
0.105263	0.105263	-187.884
0.105263	0.157895	-207.63
0.105263	0.210526	-240.139
0.105263	0.263158	-163.482
0.105263	0.315789	-124.107
0.105263	0.368421	-301.322
0.105263	0.421053	-315.593
0.105263	0.473684	-14.767
0.105263	0.526316	-91.7891
0.105263	0.578947	-532.8
0.105263	0.631579	-299.007
0.105263	0.684211	251.36
0.105263	0.736842	-230.984
0.105263	0.789474	-848.201
0.105263	0.842105	-56.5722
0.105263	0.894737	522.743
0.105263	0.947368	-647.902
0.105263	1	-1083.19
0.157895	0	156.144
0.157895	0.0526316	156.504
0.157895	0.105263	166.854
0.157895	0.157895	147.107
0.157895	0.210526	114.599
0.157895	0.263158	191.255
0.157895	0.315789	230.631
0.157895	0.368421	53.4154
0.157895	0.421053	39.1443
0.157895	0.473684	339.971
0.157895	0.526316	262.949
0.157895	0.578947	-178.063
0.157895	0.631579	55.7309
0.157895	0.684211	606.097
0.157895	0.736842	123.753
0.157895	0.789474	-493.464
0.157895	0.842105	298.166
0.157895	0.894737	877.481
0.157895	0.947368	-293.164
0.157895	1	-728.453
0.210526	0	156.727
0.210526	0.0526316	157.087
0.210526	0.105263	167.437
0.210526	0.157895	147.69
0.210526	0.210526	115.182
0.210526	0.263158	191.838
0.210526	0.315789	231.214
0.210526	0.368421	53.9984
0.210526	0.421053	39.7272
0.210526	0.473684	340.554
0.210526	0.526316	263.532
0.210526	0.578947	-177.48
0.210526	0.631579	56.3139
0.210526	0.684211	606.68
0.210526	0.736842	124.336
0.210526	0.789474	-492.881
0.210526	0.842105	298.749
0.210526	0.894737	878.064
0.210526	0.947368	-292.581
0.210526	1	-727.87
0.263158	0	-484.725
0.263158	0.0526316	-484.366
0.263158	0.105263	-474.016
0.263158	0.157895	-493.763
0.263158	0.210526	-526.271
0.263158	0.263158	-449.615
0.263158	0.315789	-410.239
0.263158	0.368421	-587.454
0.263158	0.421053	-601.726
0.263158	0.473684	-300.899
0.263158	0.526316	-377.921
0.263158	0.578947	-818.932
0.263158	0.631579	-585.139
0.263158	0.684211	-34.7726
0.263158	0.736842	-517.117
0.263158	0.789474	-1134.33
0.263158	0.842105	-342.704
0.263158	0.894737	236.611
0.263158	0.947368	-934.034
0.263158	1	-1369.32
0.315789	0	534.895
0.315789	0.0526316	535.254
0.315789	0.105263	545.604
0.315789	0.157895	525.858
0.315789	0.210526	493.349
0.315789	0.263158	570.005
0.315789	0.315789	609.381
0.315789	0.368421	432.166
0.315789	0.421053	417.894
0.315789	0.473684	718.721
0.315789	0.526316	641.699
0.315789	0.578947	200.688
0.315789	0.631579	434.481
0.315789	0.684211	984.847
0.315789	0.736842	502.504
0.315789	0.789474	-114.713
0.315789	0.842105	676.916
0.315789	0.894737	1256.23
0.315789	0.947368	85.5861
0.315789	1	-349.703
0.368421	0	-88.1406
0.368421	0.0526316	-87.7811
0.368421	0.105263	-77.4311
0.368421	0.157895	-97.1776
0.368421	0.210526	-129.686
0.368421	0.263158	-53.0297
0.368421	0.315789	-13.6539
0.368421	0.368421	-190.87
0.368421	0.421053	-205.141
0.368421	0.473684	95.6857
0.368421	0.526316	18.6637
0.368421	0.578947	-422.348
0.368421	0.631579	-188.554
0.368421	0.684211	361.812
0.368421	0.736842	-120.532
0.368421	0.789474	-737.749
0.368421	0.842105	53.8806
0.368421	0.894737	633.196
0.368421	0.947368	-537.449
0.368421	1	-972.738
0.421053	0	-551.313
0.421053	0.0526316	-550.954
0.421053	0.105263	-540.604
0.421053	0.157895	-560.35
0.421053	0.210526	-592.859
0.421053	0.263158	-516.202
0.421053	0.315789	-476.827
0.421053	0.368421	-654.042
0.421053	0.421053	-668.313
0.421053	0.473684	-367.487
0.421053	0.526316	-444.509
0.421053	0.578947	-885.52
0.421053	0.631579	-651.727
0.421053	0.684211	-101.36
0.421053	0.736842	-583.704
0.421053	0.789474	-1200.92
0.421053	0.842105	-409.292
0.421053	0.894737	170.023
0.421053	0.947368	-1000.62
0.421053	1	-1435.91
0.473684	0	942.365
0.473684	0.0526316	942.724
0.473684	0.105263	953.074
0.473684	0.157895	933.328
0.473684	0.210526	900.819
0.473684	0.263158	977.475
0.473684	0.315789	1016.85
0.473684	0.368421	839.636
0.473684	0.421053	825.364
0.473684	0.473684	1126.19
0.473684	0.526316	1049.17
0.473684	0.578947	608.158
0.473684	0.631579	841.951
0.473684	0.684211	1392.32
0.473684	0.736842	909.974
0.473684	0.789474	292.757
0.473684	0.842105	1084.39
0.473684	0.894737	1663.7
0.473684	0.947368	493.056
0.473684	1	57.7674
0.526316	0	-606
0.526316	0.0526316	-605.64
0.526316	0.105263	-595.29
0.526316	0.157895	-615.037
0.526316	0.210526	-647.545
0.526316	0.263158	-570.889
0.526316	0.315789	-531.513
0.526316	0.368421	-708.729
0.526316	0.421053	-723
0.526316	0.473684	-422.173
0.526316	0.526316	-499.195
0.526316	0.578947	-940.207
0.526316	0.631579	-706.413
0.526316	0.684211	-156.047
0.526316	0.736842	-638.391
0.526316	0.789474	-1255.61
0.526316	0.842105	-463.978
0.526316	0.894737	115.337
0.526316	0.947368	-1055.31
0.526316	1	-1490.6
0.578947	0	-254.03
0.578947	0.0526316	-253.67
0.578947	0.105263	-243.32
0.578947	0.157895	-263.067
0.578947	0.210526	-295.575
0.578947	0.263158	-218.919
0.578947	0.315789	-179.543
0.578947	0.368421	-356.759
0.578947	0.421053	-371.03
0.578947	0.473684	-70.2035
0.578947	0.526316	-147.226
0.578947	0.578947	-588.237
0.578947	0.631579	-354.443
0.578947	0.684211	195.923
0.578947	0.736842	-286.421
0.578947	0.789474	-903.638
0.578947	0.842105	-112.009
0.578947	0.894737	467.307
0.578947	0.947368	-703.338
0.578947	1	-1138.63
0.631579	0	1133.25
0.631579	0.0526316	1133.61
0.631579	0.105263	1143.96
0.631579	0.157895	1124.21
0.631579	0.210526	1091.7
0.631579	0.263158	1168.36
0.631579	0.315789	1207.74
0.631579	0.368421	1030.52
0.631579	0.421053	1016.25
0.631579	0.473684	1317.08
0.631579	0.526316	1240.05
0.631579	0.578947	799.042
0.631579	0.631579	1032.84
0.631579	0.684211	1583.2
0.631579	0.736842	1100.86
0.631579	0.789474	483.641
0.631579	0.842105	1275.27
0.631579	0.894737	1854.59
0.631579	0.947368	683.94
0.631579	1	248.652
0.684211	0	-1208.88
0.684211	0.0526316	-1208.52
0.684211	0.105263	-1198.17
0.684211	0.157895	-1217.91
0.684211	0.210526	-1250.42
0.684211	0.263158	-1173.77
0.684211	0.315789	-1134.39
0.684211	0.368421	-1311.61
0.684211	0.421053	-1325.88
0.684211	0.473684	-1025.05
0.684211	0.526316	-1102.07
0.684211	0.578947	-1543.08
0.684211	0.631579	-1309.29
0.684211	0.684211	-758.925
0.684211	0.736842	-1241.27
0.684211	0.789474	-1858.49
0.684211	0.842105	-1066.86
0.684211	0.894737	-487.541
0.684211	0.947368	-1658.19
0.684211	1	-2093.47
0.736842	0	404.875
0.736842	0.0526316	405.235
0.736842	0.105263	415.585
0.736842	0.157895	395.838
0.736842	0.210526	363.33
0.736842	0.263158	439.986
0.736842	0.315789	479.362
0.736842	0.368421	302.146
0.736842	0.421053	287.875
0.736842	0.473684	588.702
0.736842	0.526316	511.68
0.736842	0.578947	70.6685
0.736842	0.631579	304.462
0.736842	0.684211	854.828
0.736842	0.736842	372.484
0.736842	0.789474	-244.732
0.736842	0.842105	546.897
0.736842	0.894737	1126.21
0.736842	0.947368	-44.4331
0.736842	1	-479.722
0.789474	0	912.996
0.789474	0.0526316	913.356
0.789474	0.105263	923.706
0.789474	0.157895	903.959
0.789474	0.210526	871.451
0.789474	0.263158	948.107
0.789474	0.315789	987.483
0.789474	0.368421	810.267
0.789474	0.421053	795.996
0.789474	0.473684	1096.82
0.789474	0.526316	1019.8
0.789474	0.578947	578.789
0.789474	0.631579	812.583
0.789474	0.684211	1362.95
0.789474	0.736842	880.605
0.789474	0.789474	263.388
0.789474	0.842105	1055.02
0.789474	0.894737	1634.33
0.789474	0.947368	463.688
0.789474	1	28.3993
0.842105	0	-1626.5
0.842105	0.0526316	-1626.14
0.842105	0.105263	-1615.79
0.842105	0.157895	-1635.54
0.842105	0.210526	-1668.05
0.842105	0.263158	-1591.39
0.842105	0.315789	-1552.02
0.842105	0.368421	-1729.23
0.842105	0.421053	-1743.5
0.842105	0.473684	-1442.68
0.842105	0.526316	-1519.7
0.842105	0.578947	-1960.71
0.842105	0.631579	-1726.92
0.842105	0.684211	-1176.55
0.842105	0.736842	-1658.89
0.842105	0.789474	-2276.11
0.842105	0.842105	-1484.48
0.842105	0.894737	-905.167
0.842105	0.947368	-2075.81
0.842105	1	-2511.1
0.894737	0	1259.28
0.894737	0.0526316	1259.64
0.894737	0.105263	1269.99
0.894737	0.157895	1250.24
0.894737	0.210526	1217.73
0.894737	0.263158	1294.39
0.894737	0.315789	1333.76
0.894737	0.368421	1156.55
0.894737	0.421053	1142.28
0.894737	0.473684	1443.1
0.894737	0.526316	1366.08
0.894737	0.578947	925.07
0.894737	0.631579	1158.86
0.894737	0.684211	1709.23
0.894737	0.736842	1226.89
0.894737	0.789474	609.669
0.894737	0.842105	1401.3
0.894737	0.894737	1980.61
0.894737	0.947368	809.968
0.894737	1	374.68
0.947368	0	223.733
0.947368	0.0526316	224.093
0.947368	0.105263	234.443
0.947368	0.157895	214.696
0.947368	0.210526	182.188
0.947368	0.263158	258.844
0.947368	0.315789	298.22
0.947368	0.368421	121.004
0.947368	0.421053	106.733
0.947368	0.473684	407.56
0.947368	0.526316	330.537
0.947368	0.578947	-110.474
0.947368	0.631579	123.32
0.947368	0.684211	673.686
0.947368	0.736842	191.342
0.947368	0.789474	-425.875
0.947368	0.842105	365.754
0.947368	0.894737	945.07
0.947368	0.947368	-225.575
0.947368	1	-660.864
1	0	-1603.63
1	0.0526316	-1603.27
1	0.105263	-1592.92
1	0.157895	-1612.67
1	0.210526	-1645.18
1	0.263158	-1568.52
1	0.315789	-1529.15
1	0.368421	-1706.36
1	0.421053	-1720.63
1	0.473684	-1419.81
1	0.526316	-1496.83
1	0.578947	-1937.84
1	0.631579	-1704.05
1	0.684211	-1153.68
1	0.736842	-1636.02
1	0.789474	-2253.24
1	0.842105	-1461.61
1	0.894737	-882.296
1	0.947368	-2052.94
1	1	-2488.23
